1320 0 1320 0 1320 1320 1320 0 1320 1320 1320 
1320 0 1320 0 1320 1320 1320 0 1320 1320 1320 
1320 0 1320 0 1320 1320 1320 0 1320 1320 1320 
1320 0 1320 0 1320 1320 1320 0 1320 1320 1320 
1320 0 1320 0 1320 1320 1320 0 1320 1320 1320 
1320 0 1320 0 1320 1320 1320 0 1320 1320 1320 
1320 0 1320 0 1320 1320 1320 0 1320 1320 1320 
1320 0 1320 0 1320 1320 1320 0 1320 1320 1320 
1320 0 1320 0 1320 1320 1320 0 1320 1320 1320 
1320 0 1320 0 1320 1320 1320 0 1320 1320 1320 
1320 0 1320 0 1320 1320 1320 0 1320 1320 1320 
1320 0 1320 0 1320 1320 1320 0 1320 1320 1320 
1320 0 1320 0 1320 1320 1320 0 1320 1320 1320 
1320 0 1320 0 1320 1320 1320 0 1320 1320 1320 
1320 0 1320 0 1320 1320 1320 0 1320 1320 1320 
